[gd_scene load_steps=12 format=2]

[ext_resource path="res://3D/Levels/Props/Nodes/Platform_2x2.tscn" type="PackedScene" id=1]
[ext_resource path="res://3D/Levels/Props/Nodes/Platform_1x2.tscn" type="PackedScene" id=2]
[ext_resource path="res://3D/Levels/Props/Nodes/Platform_1x1.tscn" type="PackedScene" id=3]
[ext_resource path="res://3D/Levels/Props/Nodes/Wipers.tscn" type="PackedScene" id=4]
[ext_resource path="res://3D/Ennemies/Turret/Nodes/Turret.tscn" type="PackedScene" id=5]
[ext_resource path="res://3D/Levels/Props/Nodes/Slope.tscn" type="PackedScene" id=6]
[ext_resource path="res://3D/Levels/Props/Nodes/Pipe_Quarter.tscn" type="PackedScene" id=7]
[ext_resource path="res://3D/Ball/Nodes/Ball.tscn" type="PackedScene" id=8]
[ext_resource path="res://3D/Levels/Props/Nodes/CircularDoor.tscn" type="PackedScene" id=10]
[ext_resource path="res://3D/Levels/Props/Scripts/Rotor.gd" type="Script" id=11]
[ext_resource path="res://3D/Levels/Props/Nodes/FinishHole.tscn" type="PackedScene" id=12]

[node name="Level 0" type="Spatial"]

[node name="Platform_2x2 0" parent="." instance=ExtResource( 1 )]

[node name="Ball" parent="Platform_2x2 0" instance=ExtResource( 8 )]
transform = Transform( 1, 0, 0, 0, 1, 0, 0, 0, 1, 0, 0.5, 0 )

[node name="Platform_1x2 1" parent="." instance=ExtResource( 2 )]
transform = Transform( 1, 0, 0, 0, 1, 0, 0, 0, 1, 0, 0, 5 )

[node name="Platform_1x2 3" parent="." instance=ExtResource( 2 )]
transform = Transform( 1, 0, 0, 0, 1, 0, 0, 0, 1, 0, 0, 7 )

[node name="Platform_1x2 4" parent="." instance=ExtResource( 2 )]
transform = Transform( 1, 0, 0, 0, 1, 0, 0, 0, 1, 0, 0, 9 )

[node name="Platform_1x2 5" parent="." instance=ExtResource( 2 )]
transform = Transform( 1, 0, 0, 0, 1, 0, 0, 0, 1, 0, 0, 13 )

[node name="Platform_1x2 6" parent="." instance=ExtResource( 2 )]
transform = Transform( 1, 0, 0, 0, 1, 0, 0, 0, 1, 0, 0, 15 )

[node name="Platform_1x2 7" parent="." instance=ExtResource( 2 )]
transform = Transform( 1, 0, 0, 0, 1, 0, 0, 0, 1, 0, 0, 17 )

[node name="Platform_1x2 2" parent="." instance=ExtResource( 2 )]
transform = Transform( 1, 0, 0, 0, 1, 0, 0, 0, 1, 0, 0, 3 )

[node name="Wipers" parent="." instance=ExtResource( 4 )]
transform = Transform( 0.906308, 0, -0.422618, 0, 1, 0, 0.422618, 0, 0.906308, 1, 0.3, 3 )

[node name="Wipers2" parent="." instance=ExtResource( 4 )]
transform = Transform( 0.984808, 0, -0.173648, 0, 1, 0, 0.173648, 0, 0.984808, -1, 0.3, 6 )

[node name="Wipers3" parent="." instance=ExtResource( 4 )]
transform = Transform( 0.5, 0, -0.866025, 0, 1, 0, 0.866025, 0, 0.5, 1, 0.3, 9 )

[node name="Turret" parent="." instance=ExtResource( 5 )]
transform = Transform( -0.0117459, 0, 0.999931, 0, 1, 0, -0.999931, 0, -0.0117459, -0.984531, -0.0191957, 12.5981 )
bullet_speed = 2.0

[node name="Turret2" parent="." instance=ExtResource( 5 )]
transform = Transform( -0.0117459, 0, 0.999931, 0, 1, 0, -0.999931, 0, -0.0117459, -0.984531, -0.0191957, 16.4113 )
bullet_speed = 2.0

[node name="Turret3" parent="." instance=ExtResource( 5 )]
transform = Transform( 0.0250079, 0, -0.999687, 0, 1, 0, 0.999687, 0, 0.0250079, 1.01547, -0.0191957, 14.4706 )
bullet_speed = 2.0

[node name="Platform_1x4" parent="." instance=ExtResource( 3 )]
transform = Transform( 1, 0, 0, 0, 1, 0, 0, 0, 1, 0, -0.011932, 1.50305 )

[node name="Platform_2x3" parent="." instance=ExtResource( 1 )]
transform = Transform( 1, 0, 0, 0, 1, 0, 0, 0, 1, 0, -0.0130251, 11 )

[node name="Platform_1x10" parent="." instance=ExtResource( 3 )]
transform = Transform( 1, 0, 0, 0, 1, 0, 0, 0, 1, -1, 6.53863e-05, 16.5031 )

[node name="Platform_1x11" parent="." instance=ExtResource( 3 )]
transform = Transform( 1, 0, 0, 0, 1, 0, 0, 0, 1, -1, 6.53863e-05, 12.5031 )

[node name="Platform_1x9" parent="." instance=ExtResource( 3 )]
transform = Transform( 1, 0, 0, 0, 1, 0, 0, 0, 1, 1, -0.00204453, 14.5031 )

[node name="Pipe_Quarter7" parent="." instance=ExtResource( 7 )]
transform = Transform( 1, 0, 0, 0, -0.999896, 0.0144507, 0, -0.0144507, -0.999896, 0.991928, -3.20817, 21.6525 )

[node name="Pipe_Quarter10" parent="Pipe_Quarter7" instance=ExtResource( 7 )]
transform = Transform( 1, 0, 0, 0, 1, -1.86265e-09, 0, 1.86265e-09, 1, 1, 0, 0 )

[node name="Pipe_Quarter11" parent="Pipe_Quarter7" instance=ExtResource( 7 )]
transform = Transform( 1, 0, 0, 0, 1, 0, 0, 0, 1, -3, 0, 0 )

[node name="Pipe_Quarter8" parent="Pipe_Quarter7" instance=ExtResource( 7 )]
transform = Transform( 1, 0, 0, 0, 1, 0, 0, 0, 1, -1, 0, 0 )

[node name="Pipe_Quarter9" parent="Pipe_Quarter7" instance=ExtResource( 7 )]
transform = Transform( 1, 0, 0, 0, 1, 0, 0, 0, 1, -2, 0, 0 )

[node name="Pipe_Quarter" parent="Pipe_Quarter7" instance=ExtResource( 7 )]
transform = Transform( 1, 0, 0, 0, -0.0420327, 0.999116, 0, -0.999116, -0.0420327, -2, 3.00879, -2.91913 )

[node name="Pipe_Quarter2" parent="Pipe_Quarter7" instance=ExtResource( 7 )]
transform = Transform( 1, 0, 0, 0, -0.0420327, 0.999116, 0, -0.999116, -0.0420327, -1, 3.00879, -2.91913 )

[node name="Pipe_Quarter3" parent="Pipe_Quarter7" instance=ExtResource( 7 )]
transform = Transform( 1, 0, 0, 0, -0.0420327, 0.999116, 0, -0.999116, -0.0420327, 0, 3.00879, -2.91913 )

[node name="Pipe_Quarter4" parent="Pipe_Quarter7" instance=ExtResource( 7 )]
transform = Transform( 1, 0, 0, 0, -0.0420327, 0.999116, 0, -0.999116, -0.0420327, 1, 3.00879, -2.91913 )

[node name="Pipe_Quarter5" parent="Pipe_Quarter7" instance=ExtResource( 7 )]
transform = Transform( 1, 0, 0, 0, -0.0420327, 0.999116, 0, -0.999116, -0.0420327, -3, 3.00879, -2.91913 )

[node name="Platform_1x2" parent="." instance=ExtResource( 2 )]
transform = Transform( 1, 0, 0, 0, -1, 3.25841e-07, 0, -3.25841e-07, -1, -3, -5, 27 )

[node name="Platform_1x8" parent="Platform_1x2" instance=ExtResource( 2 )]
transform = Transform( 1, 0, 0, 0, 1, 4.65661e-09, 0, -4.65661e-09, 1, 0, 0, -2 )

[node name="Platform_1x6" parent="Platform_1x2" instance=ExtResource( 2 )]
transform = Transform( 1, 0, 0, 0, 1, 1.86265e-09, 0, -1.86265e-09, 1, -1, 0, 0 )

[node name="Platform_1x7" parent="Platform_1x2" instance=ExtResource( 2 )]
transform = Transform( 1, 0, 0, 0, 1, 7.45058e-09, 0, -7.45058e-09, 1, -1, 0, -2 )

[node name="Slope" parent="Platform_1x2" instance=ExtResource( 6 )]
transform = Transform( 3.25841e-07, 6.34436e-14, -1, 7.78829e-07, -1, 1.35525e-20, -2, -3.89414e-07, -1.62921e-07, -2.5, -0.500001, -2 )

[node name="Slope2" parent="Platform_1x2" instance=ExtResource( 6 )]
transform = Transform( 3.25841e-07, 6.34436e-14, -1, 7.78829e-07, -1, 1.35525e-20, -2, -3.89414e-07, -1.62921e-07, -4.5, -1.5, -2 )

[node name="Slope3" parent="Platform_1x2" instance=ExtResource( 6 )]
transform = Transform( 3.25841e-07, 6.34436e-14, -1, 7.78829e-07, -1, 1.35525e-20, -2, -3.89414e-07, -1.62921e-07, -6.5, -2.5, -2 )

[node name="Slope4" parent="Platform_1x2" instance=ExtResource( 6 )]
transform = Transform( 2, 3.13916e-07, 7.54979e-08, 1.25567e-06, -0.5, -1.62921e-07, 3.01991e-07, 1.62921e-07, -0.5, -8.5, -3.50001, -5.5 )

[node name="Slope6" parent="Platform_1x2" instance=ExtResource( 6 )]
transform = Transform( -2, -3.13916e-07, -1.19209e-07, 1.25567e-06, -0.5, 1.62921e-07, -4.76837e-07, 1.62921e-07, 0.5, -8.5, -3.50001, -0.499994 )

[node name="Slope7" parent="Platform_1x2" instance=ExtResource( 6 )]
transform = Transform( -9.73536e-08, 2.22327e-14, 0.5, 4.33126e-07, -0.5, 1.06565e-13, 0.5, 4.33126e-07, 9.73536e-08, -3.5, -1.70002, -1.19999 )

[node name="Slope8" parent="Platform_1x2" instance=ExtResource( 6 )]
transform = Transform( -9.73536e-08, 2.22327e-14, 0.5, 4.33126e-07, -0.5, 1.06565e-13, 0.5, 4.33126e-07, 9.73536e-08, -3.5, -1.70002, -2.79999 )

[node name="Slope5" parent="Platform_1x2" instance=ExtResource( 6 )]
transform = Transform( -2, -7.15256e-07, -2.81138e-07, 1.43051e-06, -1, 3.25841e-07, -5.47375e-07, 3.25841e-07, 1, -8.5, -2.90002, -9.09999 )

[node name="Platform_1x2" parent="Platform_1x2" instance=ExtResource( 2 )]
transform = Transform( -1.74846e-07, -3.25842e-07, -1, 1.30336e-06, 1, -3.25842e-07, 4, -3.25841e-07, -4.37113e-08, -8.5, -3.00001, -3 )

[node name="Platform_1x3" parent="Platform_1x2" instance=ExtResource( 2 )]
transform = Transform( -1.74846e-07, -3.25842e-07, -1, 1.30336e-06, 1, -3.25842e-07, 4, -3.25841e-07, -4.37113e-08, -8.5, -2.40001, -12.1 )

[node name="Pipe_Quarter6" parent="." instance=ExtResource( 7 )]
transform = Transform( -1, 9.68575e-08, 1.74623e-09, 7.64654e-09, 0.0608045, 0.99815, 9.65552e-08, 0.99815, -0.0608045, -1, -0.499935, 18.0031 )

[node name="Pipe_Quarter12" parent="Pipe_Quarter6" instance=ExtResource( 7 )]
transform = Transform( 1, 1.42109e-14, -4.44089e-16, 0, 1, 0, 0, 0, 1, -1, 1.90735e-06, 0 )

[node name="Pipe_Quarter13" parent="Pipe_Quarter6" instance=ExtResource( 7 )]
transform = Transform( 1, 1.42109e-14, -4.44089e-16, 0, 1, 0, 0, 0, 1, -2, 1.90735e-06, 0 )

[node name="CircularDoor" parent="." instance=ExtResource( 10 )]
transform = Transform( 3, -4.52987e-07, 9.53596e-08, -4.52987e-07, -3, 9.77524e-07, 9.53594e-08, -9.77524e-07, -3, -11.5, -2.6, 34.1 )
script = ExtResource( 11 )
axis = 2

[node name="Platform_2x2" parent="." instance=ExtResource( 1 )]
transform = Transform( -2.26494e-07, -3.25842e-07, -3, -4.52987e-07, -1, 9.77525e-07, -3, 1.50996e-07, 2.26494e-07, -11.5, -2.59999, 44.1 )

[node name="FinishHole" parent="Platform_2x2" instance=ExtResource( 12 )]
transform = Transform( 0.5, -6.27833e-07, -7.54979e-08, -3.13916e-07, -1, 1.89571e-08, -7.54979e-08, -3.7914e-08, -0.5, 0, -0.500001, 0 )

[node name="Platform_1x1" parent="." instance=ExtResource( 3 )]
transform = Transform( -7.5498e-08, -3.25842e-07, -1, -1.50996e-07, -1, 3.25842e-07, -1, 1.50996e-07, 7.54979e-08, -7.5, -2.59999, 48.1 )

[node name="Turret" parent="Platform_1x1" instance=ExtResource( 5 )]
transform = Transform( -0.5, 1.62978e-07, 0.866026, 2.94112e-07, -1, 3.57996e-07, 0.866026, 4.33706e-07, 0.5, 0, -0.5, 1.90735e-06 )
bullet_speed = 2.0

[node name="Turret2" parent="Platform_1x1" instance=ExtResource( 5 )]
transform = Transform( -0.866026, -2.58861e-07, -0.5, -9.57274e-08, -1, 6.83527e-07, -0.5, 6.39815e-07, 0.866026, 8, -0.500001, 2.38419e-06 )
bullet_speed = 2.0

[node name="Turret3" parent="Platform_1x1" instance=ExtResource( 5 )]
transform = Transform( 0.5, -4.64969e-07, -0.866025, -4.21258e-07, -1, 2.93687e-07, -0.866025, 2.17977e-07, -0.5, 8, -0.499999, 8 )
bullet_speed = 2.0

[node name="Turret4" parent="Platform_1x1" instance=ExtResource( 5 )]
transform = Transform( 0.866026, -4.31309e-08, 0.5, -3.14183e-08, -1, -3.18435e-08, 0.5, 1.1868e-08, -0.866026, -3.8147e-06, -0.499997, 8 )
bullet_speed = 2.0

[node name="Platform_1x3" parent="." instance=ExtResource( 3 )]
transform = Transform( -7.5498e-08, -3.25842e-07, -1, -1.50996e-07, -1, 3.25842e-07, -1, 1.50996e-07, 7.54979e-08, -7.5, -2.59999, 40.1 )

[node name="Platform_1x5" parent="." instance=ExtResource( 3 )]
transform = Transform( -7.5498e-08, -3.25842e-07, -1, -1.50996e-07, -1, 3.25842e-07, -1, 1.50996e-07, 7.54979e-08, -15.5, -2.59999, 40.1 )

[node name="Platform_1x6" parent="." instance=ExtResource( 3 )]
transform = Transform( -7.5498e-08, -3.25842e-07, -1, -1.50996e-07, -1, 3.25842e-07, -1, 1.50996e-07, 7.54979e-08, -15.5, -2.59999, 48.1 )
